000000000000000000000000
000000000000000000000000
000000000000000000000000
000000000000000000000000


111111111111111111111111
111111111111111111111111
111111111111111111111111
111111111111111111111111


100000000000000000000000
000000000000000000000000
000000000000000000000000
000000000000000000000000



123456789ABCDEF000000000
000000000000000000000000
000000000000000000000000
000000000000000000000000

























000000000000000000000000
000000000000000000000000
000000000000000000000000
000000000000000000000000
111111111111111111111111
111111111111111111111111
111111111111111111111111
111111111111111111111111
000000000000000000000000
000000000000000000000000
000000000000000000000000
000000000000000000000000
111111111111111111111111
111111111111111111111111
111111111111111111111111
111111111111111111111111
000000000000000000000000
000000000000000000000000
000000000000000000000000
000000000000000000000000
111111111111111111111111
111111111111111111111111
111111111111111111111111
111111111111111111111111
000000000000000000000000
000000000000000000000000
000000000000000000000000
000000000000000000000000
111111111111111111111111
111111111111111111111111
111111111111111111111111
111111111111111111111111
000000000000000000000000
000000000000000000000000
000000000000000000000000
000000000000000000000000
111111111111111111111111
111111111111111111111111
111111111111111111111111
111111111111111111111111
000000000000000000000000
000000000000000000000000
000000000000000000000000
000000000000000000000000
111111111111111111111111
111111111111111111111111
111111111111111111111111
111111111111111111111111





000000000000000000000000
000000000000000000000000
000000000000000000000000
000000000000000000000000
111111111111111111111111
111111111111111111111111
111111111111111111111111
111111111111111111111111
000000000000000000000000
000000000000000000000000
000000000000000000000000
000000000000000000000000
111111111111111111111111
111111111111111111111111
111111111111111111111111
111111111111111111111111
000000000000000000000000
000000000000000000000000
000000000000000000000000
000000000000000000000000
111111111111111111111111
111111111111111111111111
111111111111111111111111
111111111111111111111111
000000000000000000000000
000000000000000000000000
000000000000000000000000
000000000000000000000000
111111111111111111111111
111111111111111111111111
111111111111111111111111
111111111111111111111111
000000000000000000000000
000000000000000000000000
000000000000000000000000
000000000000000000000000
111111111111111111111111
111111111111111111111111
111111111111111111111111
111111111111111111111111
000000000000000000000000
000000000000000000000000
000000000000000000000000
000000000000000000000000
111111111111111111111111
111111111111111111111111
111111111111111111111111
111111111111111111111111
000000000000000000000000
000000000000000000000000
000000000000000000000000
000000000000000000000000
111111111111111111111111
111111111111111111111111
111111111111111111111111
111111111111111111111111
000000000000000000000000
000000000000000000000000
000000000000000000000000
000000000000000000000000
111111111111111111111111
111111111111111111111111
111111111111111111111111
111111111111111111111111
000000000000000000000000
000000000000000000000000
000000000000000000000000
000000000000000000000000
111111111111111111111111
111111111111111111111111
111111111111111111111111
111111111111111111111111
000000000000000000000000
000000000000000000000000
000000000000000000000000
000000000000000000000000
111111111111111111111111
111111111111111111111111
111111111111111111111111
111111111111111111111111
000000000000000000000000
000000000000000000000000
000000000000000000000000
000000000000000000000000
111111111111111111111111
111111111111111111111111
111111111111111111111111
111111111111111111111111
000000000000000000000000
000000000000000000000000
000000000000000000000000
000000000000000000000000
111111111111111111111111
111111111111111111111111
111111111111111111111111
111111111111111111111111